lastAccountName: 100smile001
timestamps:
  login: 1586214928825
  lastteleport: 1586215504375
  logout: 1586215531865
ipAddress: 71.58.104.232
lastlocation:
  world: flattyfa
  x: 17.950454558474036
  y: 62.100132352373834
  z: -269.3257350036319
  yaw: 266.69803
  pitch: 9.800016
logoutlocation:
  world: flattyfa
  x: 272.60556534584043
  y: 21.972210325868463
  z: 78.71953752445658
  yaw: 220.49673
  pitch: 10.650131
