lastAccountName: Bikoo13
timestamps:
  login: 1587856895852
  logout: 1587857465884
  lastteleport: 1587857247714
ipAddress: 71.58.186.62
lastlocation:
  world: flattyfa
  x: 18.64238790803509
  y: 62.0
  z: -270.3501892121998
  yaw: 289.54883
  pitch: 4.604352
logoutlocation:
  world: flattyfa
  x: 289.249891586533
  y: 14.369137757136581
  z: 89.32596868104038
  yaw: 14.1414795
  pitch: 2.4566088
