lastAccountName: itybigy
timestamps:
  login: 1586283535110
  lastteleport: 1586284227350
  logout: 1586284237355
ipAddress: 73.230.94.181
lastlocation:
  world: flattyfa
  x: 86.5
  y: 12.0
  z: -94.5
  yaw: -127.95691
  pitch: 14.915045
logoutlocation:
  world: flattyfa
  x: 49.010959622414006
  y: 44.36793536452354
  z: 112.06518006233787
  yaw: 179.71722
  pitch: 6.693375
