lastAccountName: Tryn_Mayweather
timestamps:
  login: 1587692607993
  logout: 1587693606863
  lastteleport: 1587693502241
ipAddress: 73.52.25.159
lastlocation:
  world: flattyfa
  x: 18.473009279070723
  y: 13.696687178141376
  z: -1.3929514532330989
  yaw: -268.65347
  pitch: 28.800224
logoutlocation:
  world: flattyfa
  x: -45.6052161960441
  y: 13.710605836219555
  z: -123.30000001192093
  yaw: 339.44693
  pitch: -15.749736
