lastAccountName: 6spongebob9
timestamps:
  login: 1584404994707
  logout: 1584405321719
ipAddress: 174.59.223.80
lastlocation:
  world: flattyfa
  x: -71.68970086849396
  y: 119.55656821531417
  z: -196.79112968636278
  yaw: 175.04749
  pitch: -71.249954
logoutlocation:
  world: flattyfa
  x: -56.25983091186123
  y: 8.0625
  z: -169.03654777386993
  yaw: 340.79843
  pitch: -32.99996
