lastAccountName: TonyTrickMaster
timestamps:
  login: 1586278546080
  lastteleport: 1586278908779
  logout: 1586279303323
ipAddress: 71.58.100.140
lastlocation:
  world: flattyfa
  x: 17.5
  y: 62.0
  z: -269.5
  yaw: 273.59674
  pitch: 0.60013974
logoutlocation:
  world: flattyfa
  x: -39.06074407003278
  y: 3.5
  z: 79.08266525505348
  yaw: -50.403896
  pitch: 83.84994
