lastAccountName: RadisonH
timestamps:
  login: 1586200000049
  logout: 1586200292291
ipAddress: 71.58.208.102
lastlocation:
  world: world
  x: -80.0
  y: 66.0
  z: 48.0
  yaw: 0.0
  pitch: 0.0
logoutlocation:
  world: flattyfa
  x: 76.80465463506268
  y: 11.0
  z: -15.972161733035772
  yaw: 261.5553
  pitch: 51.751064
