lastAccountName: TorchC
timestamps:
  login: 1588725860736
  logout: 1588725889139
ipAddress: 71.207.15.228
lastlocation:
  world: world
  x: -80.0
  y: 66.0
  z: 48.0
  yaw: 0.0
  pitch: 0.0
logoutlocation:
  world: flattyfa
  x: 74.38465598004231
  y: 4.875
  z: 105.77845566053459
  yaw: 194.58704
  pitch: 51.225616
