lastAccountName: michaelw6
timestamps:
  login: 1586222360071
  lastteleport: 1586223099970
  logout: 1586223436813
ipAddress: 71.207.14.135
lastlocation:
  world: flattyfa
  x: 15.934376292135411
  y: 4.0
  z: 49.85518816307923
  yaw: 207.91199
  pitch: 5.138699
logoutlocation:
  world: flattyfa
  x: 18.62728205878067
  y: 8.0
  z: -94.51848301493143
  yaw: -117.44804
  pitch: 12.969486
