lastAccountName: Jewel6600
timestamps:
  login: 1586325941643
  logout: 1586327123436
ipAddress: 71.58.92.225
lastlocation:
  world: world
  x: -80.0
  y: 66.0
  z: 48.0
  yaw: 0.0
  pitch: 0.0
logoutlocation:
  world: flattyfa
  x: 120.1005176206848
  y: 4.0
  z: 76.2910617089718
  yaw: -71.97644
  pitch: -3.4501243
