lastAccountName: SuperSnivy778
timestamps:
  login: 1586309372082
  lastteleport: 1586311340241
  logout: 1586311376570
ipAddress: 73.175.149.218
lastlocation:
  world: flattyfa
  x: 17.993183738021997
  y: 62.0
  z: -268.6583880748366
  yaw: -109.803375
  pitch: 3.1501272
logoutlocation:
  world: flattyfa
  x: 55.570259287867245
  y: 4.0
  z: 108.3101622645856
  yaw: 160.49712
  pitch: -0.7498499
