lastAccountName: Chellzie
timestamps:
  login: 1586288743621
  lastteleport: 1586289229554
  logout: 1586289385108
ipAddress: 174.60.229.29
lastlocation:
  world: flattyfa
  x: -110.68075893491054
  y: 8.0
  z: -65.1405069549007
  yaw: 17.527845
  pitch: -16.60494
logoutlocation:
  world: flattyfa
  x: 10.862072999981496
  y: 4.0
  z: 82.85958023009397
  yaw: 352.859
  pitch: 7.729311
