lastAccountName: JackMister2009
timestamps:
  login: 1588694655829
  logout: 1588694995997
ipAddress: 73.175.149.218
lastlocation:
  world: world
  x: -80.0
  y: 66.0
  z: 48.0
  yaw: 0.0
  pitch: 0.0
logoutlocation:
  world: flattyfa
  x: 131.68941555279525
  y: 4.0
  z: 351.8971586393049
  yaw: -196.81488
  pitch: 22.499992
