lastAccountName: Shoted
timestamps:
  login: 1588641642006
  lastteleport: 1586229104108
  logout: 1588641655915
ipAddress: 73.230.122.67
lastlocation:
  world: flattyfa
  x: 167.5870875080634
  y: 4.0
  z: 412.4644368511192
  yaw: 160.78679
  pitch: 0.7812968
logoutlocation:
  world: flattyfa
  x: -14.479018435134343
  y: 12.0
  z: -23.30943694721926
  yaw: -115.0129
  pitch: 32.697594
