lastAccountName: BigDefy
timestamps:
  login: 1586198641253
  lastteleport: 1586199603649
  logout: 1586199753541
ipAddress: 98.235.78.83
lastlocation:
  world: flattyfa
  x: 20.67451194315966
  y: 4.0
  z: -653.0334632806388
  yaw: 1.6483656
  pitch: 18.75002
logoutlocation:
  world: flattyfa
  x: -75.80313205842565
  y: 8.0
  z: -80.68341456479813
  yaw: 65.39847
  pitch: 20.400204
