lastAccountName: Shneeve
timestamps:
  login: 1586315397913
  lastteleport: 1586317087083
  logout: 1586317223293
ipAddress: 73.187.103.142
lastlocation:
  world: flattyfa
  x: 162.2747660683919
  y: 17.66168621206404
  z: 66.2085288561768
  yaw: -87.11538
  pitch: -4.8258944
logoutlocation:
  world: flattyfa
  x: 69.75486745854899
  y: 4.0
  z: 110.75455645428042
  yaw: 201.89456
  pitch: 7.6990776
