lastAccountName: saggymanboy
timestamps:
  login: 1584317157206
  lastteleport: 1584317709965
  logout: 1584317937544
ipAddress: 98.235.89.133
lastlocation:
  world: flattyfa
  x: 66.35755659241056
  y: 25.1355803070683
  z: -9.61195834914676
  yaw: 148.80066
  pitch: 21.450115
logoutlocation:
  world: flattyfa
  x: 89.78540125244504
  y: 8.0
  z: -35.47454970695114
  yaw: 223.18896
  pitch: 17.700207
