lastAccountName: _NachoBear_
timestamps:
  login: 1586199234061
  lastteleport: 1586200148308
ipAddress: 73.175.44.171
lastlocation:
  world: flattyfa
  x: -2.2483296700536908
  y: 8.0
  z: -93.98395022244794
  yaw: -154.80165
  pitch: 7.0501566
