lastAccountName: oozra
timestamps:
  login: 1586216360021
  logout: 1586216579514
ipAddress: 71.207.12.184
lastlocation:
  world: world
  x: -80.0
  y: 66.0
  z: 48.0
  yaw: 0.0
  pitch: 0.0
logoutlocation:
  world: flattyfa
  x: -88.13340580399606
  y: 8.0
  z: -83.16047271323386
  yaw: 241.04814
  pitch: 10.95
