lastAccountName: 14KWinston
timestamps:
  login: 1586214171018
  lastteleport: 1586216558953
  logout: 1586216771858
ipAddress: 73.187.131.43
lastlocation:
  world: world_the_end
  x: 1291.8771539723577
  y: 77.47750283350324
  z: 1742.724815560972
  yaw: 57.54962
  pitch: 39.29998
logoutlocation:
  world: flattyfa
  x: 92.32772003469135
  y: 9.902271783084322
  z: 387.40522010345387
  yaw: 108.59661
  pitch: 7.9501004
