lastAccountName: Riku_TheOni
timestamps:
  login: 1586212515631
  lastteleport: 1586213035768
  logout: 1586213172314
ipAddress: 66.56.1.55
lastlocation:
  world: flattyfa
  x: 169.70253762262493
  y: 4.0
  z: 411.5949480947148
  yaw: 179.54713
  pitch: 8.100182
logoutlocation:
  world: flattyfa
  x: 96.24726218947113
  y: 12.0
  z: -72.3794175468278
  yaw: 137.24963
  pitch: 15.899972
