lastAccountName: HorsePoo
timestamps:
  login: 1586297846885
  logout: 1586298433222
ipAddress: 73.187.103.10
lastlocation:
  world: world
  x: -80.0
  y: 66.0
  z: 48.0
  yaw: 0.0
  pitch: 0.0
logoutlocation:
  world: flattyfa
  x: -70.73348875503535
  y: 8.0
  z: -80.43498333412467
  yaw: -106.26059
  pitch: 6.2693734
