lastAccountName: CapitalizedSite
timestamps:
  login: 1586222359324
  lastteleport: 1586222506820
  logout: 1586222590062
ipAddress: 209.169.91.50
lastlocation:
  world: flattyfa
  x: 20.504786635545567
  y: 4.0
  z: -651.6029909341349
  yaw: 358.34808
  pitch: 27.629356
logoutlocation:
  world: flattyfa
  x: 17.282585645590558
  y: 57.50028771950477
  z: 59.04751547588878
  yaw: -169.84256
  pitch: 3.789876
