lastAccountName: VoidaCraft
timestamps:
  login: 1587262461648
  logout: 1587262617225
ipAddress: 71.58.75.62
lastlocation:
  world: world
  x: -80.0
  y: 66.0
  z: 48.0
  yaw: 0.0
  pitch: 0.0
logoutlocation:
  world: flattyfa
  x: -233.94953978302516
  y: 5.7573515826808865
  z: -100.84393326765291
  yaw: 28.3125
  pitch: 34.873302
