lastAccountName: LegendsofZeldax
timestamps:
  login: 1588558819254
  logout: 1588558890716
  lastteleport: 1586311418062
ipAddress: 73.175.149.218
lastlocation:
  world: flattyfa
  x: -108.24911101361742
  y: 8.0
  z: -67.41495196224741
  yaw: -188.36913
  pitch: 22.862291
logoutlocation:
  world: flattyfa
  x: 75.16537245704193
  y: 4.0
  z: 88.39661355828187
  yaw: -203.47949
  pitch: 17.971376
