lastAccountName: JonesBros
timestamps:
  login: 1588040595416
  logout: 1588041822641
ipAddress: 174.59.222.4
lastlocation:
  world: world
  x: -80.0
  y: 66.0
  z: 48.0
  yaw: 0.0
  pitch: 0.0
logoutlocation:
  world: flattyfa
  x: -140.12584928489431
  y: 6.875
  z: -251.15918363991125
  yaw: -85.78125
  pitch: 22.799992
