lastAccountName: LLGcooperdog
timestamps:
  login: 1586209492117
  lastteleport: 1586210012708
  logout: 1586210030613
ipAddress: 71.58.187.39
lastlocation:
  world: flattyfa
  x: 21.331010009711196
  y: 4.0
  z: -652.1541105363842
  yaw: 22.952637
  pitch: 18.750181
logoutlocation:
  world: flattyfa
  x: 91.32614073423397
  y: 16.251123039159435
  z: -91.72255924758683
  yaw: -22.352259
  pitch: 11.400162
