lastAccountName: SQUEAKERLOO999
timestamps:
  login: 1587263317908
  lastteleport: 1587265339922
  logout: 1587266476623
ipAddress: 75.75.189.98
lastlocation:
  world: flattyfa
  x: 95.28634247442187
  y: 17.0
  z: -107.63473445350824
  yaw: 77.24821
  pitch: 2.5501947
logoutlocation:
  world: flattyfa
  x: 61.988897932908294
  y: 4.0
  z: 106.30000001192093
  yaw: 54.746635
  pitch: 19.950054
