lastAccountName: HOTpockets316
timestamps:
  login: 1586236594470
  logout: 1586236865757
ipAddress: 71.58.98.65
lastlocation:
  world: world
  x: -80.0
  y: 66.0
  z: 48.0
  yaw: 0.0
  pitch: 0.0
logoutlocation:
  world: flattyfa
  x: 173.67913861818033
  y: 7.0
  z: 81.095279608519
  yaw: 91.63916
  pitch: 27.450441
