lastAccountName: L3NtTLS0UP
timestamps:
  login: 1586226840578
  logout: 1586229608260
ipAddress: 68.232.114.91
lastlocation:
  world: world
  x: -80.0
  y: 66.0
  z: 48.0
  yaw: 0.0
  pitch: 0.0
logoutlocation:
  world: flattyfa
  x: 131.60005405249305
  y: 24.985783940461882
  z: 78.3859875018864
  yaw: 106.546875
  pitch: 34.80012
