lastAccountName: Pnut_
timestamps:
  login: 1587942187333
  logout: 1587942241797
  lastteleport: 1586222604936
ipAddress: 73.130.227.208
lastlocation:
  world: flattyfa
  x: -33.665121945875114
  y: 8.0
  z: -125.6999999880791
  yaw: 22.086182
  pitch: 9.457303
logoutlocation:
  world: flattyfa
  x: 98.76848848103428
  y: 6.0
  z: 64.97925795470123
  yaw: -131.97952
  pitch: 14.829447
