lastAccountName: jmy3
timestamps:
  login: 1586308444192
  lastteleport: 1586311134465
  logout: 1586311268468
ipAddress: 98.235.168.22
lastlocation:
  world: flattyfa
  x: 17.87167208579767
  y: 62.0
  z: -269.08919803960123
  yaw: -95.20203
  pitch: 4.392662
logoutlocation:
  world: flattyfa
  x: 71.92914066552322
  y: 6.412516255644105
  z: 41.69621102379011
  yaw: -179.62846
  pitch: -20.126741
