lastAccountName: LegoBrixPro
timestamps:
  login: 1588227791614
  logout: 1588228007075
ipAddress: 71.58.79.136
lastlocation:
  world: flattyfa
  x: 235.33419812068686
  y: 4.0
  z: 145.69999998807904
  yaw: 40.496365
  pitch: 8.699973
logoutlocation:
  world: flattyfa
  x: 74.19775666202926
  y: 4.0
  z: 108.98742321455168
  yaw: 182.52638
  pitch: 17.550009
