lastAccountName: Assparagu5
timestamps:
  login: 1586226906174
  logout: 1586229605608
ipAddress: 71.58.215.10
lastlocation:
  world: world
  x: -80.0
  y: 66.0
  z: 48.0
  yaw: 0.0
  pitch: 0.0
logoutlocation:
  world: flattyfa
  x: 5.471445723375047
  y: 15.502800317293921
  z: 39.129107666310034
  yaw: 177.66028
  pitch: 38.67613
