lastAccountName: Pianoman4
timestamps:
  login: 1584971020960
  lastteleport: 1584971071743
  logout: 1584971958659
ipAddress: 174.54.69.181
lastlocation:
  world: flattyfa
  x: 4.4964924698281035
  y: 44.0
  z: 106.53977926385544
  yaw: 92.81666
  pitch: 4.1914215
logoutlocation:
  world: flattyfa
  x: -41.69999998807907
  y: 8.698444795980668
  z: -149.89822094229555
  yaw: 104.23163
  pitch: 10.198981
