lastAccountName: Hey_Ray9999
timestamps:
  login: 1586229368670
  logout: 1586230021461
ipAddress: 24.145.23.12
lastlocation:
  world: world
  x: -80.0
  y: 66.0
  z: 48.0
  yaw: 0.0
  pitch: 0.0
logoutlocation:
  world: flattyfa
  x: -234.69789756909498
  y: 24.02688004189208
  z: -24.81288650939983
  yaw: 175.19019
  pitch: 29.699884
