lastAccountName: borntorockbaby
timestamps:
  login: 1586484350631
  logout: 1586485265077
ipAddress: 71.58.186.247
lastlocation:
  world: flattyfa
  x: 121.78741854625234
  y: 21.121296840539188
  z: -32.866206818885566
  yaw: -115.694336
  pitch: 27.037066
logoutlocation:
  world: flattyfa
  x: 62.280561743492584
  y: 4.0
  z: -694.0127308438673
  yaw: -201.21733
  pitch: 38.684734
