lastAccountName: dylanbmo
timestamps:
  login: 1586220784874
  logout: 1586223203614
ipAddress: 98.235.78.83
lastlocation:
  world: world
  x: -80.0
  y: 66.0
  z: 48.0
  yaw: 0.0
  pitch: 0.0
afk: false
logoutlocation:
  world: flattyfa
  x: -181.52440798142422
  y: 75.96900855410898
  z: -167.01398257749858
  yaw: 87.9834
  pitch: 34.49993
