lastAccountName: sooohigh
timestamps:
  login: 1586225436620
  logout: 1586228188212
ipAddress: 73.64.230.236
lastlocation:
  world: world
  x: -80.0
  y: 66.0
  z: 48.0
  yaw: 0.0
  pitch: 0.0
logoutlocation:
  world: flattyfa
  x: 93.42500001192093
  y: 8.25
  z: -33.57499998807907
  yaw: 176.78247
  pitch: 34.22844
