lastAccountName: xXLithremXx
timestamps:
  login: 1586231338871
  logout: 1586231819810
ipAddress: 174.59.122.112
lastlocation:
  world: world
  x: -80.0
  y: 66.0
  z: 48.0
  yaw: 0.0
  pitch: 0.0
logoutlocation:
  world: flattyfa
  x: 48.927481674279996
  y: 4.0
  z: 9.638991135691269
  yaw: 341.1172
  pitch: 24.156065
