lastAccountName: sesese21
timestamps:
  login: 1587767909228
  logout: 1587767990736
  lastteleport: 1586228320177
ipAddress: 71.58.108.90
lastlocation:
  world: flattyfa
  x: 20.497579901511834
  y: 4.0
  z: -653.5281689028607
  yaw: 358.7658
  pitch: 20.042147
logoutlocation:
  world: flattyfa
  x: 104.30000001192093
  y: 16.200000047683716
  z: 12.360504260960106
  yaw: -278.67712
  pitch: 1.6693853
