lastAccountName: greenowl925
timestamps:
  login: 1587849523770
  lastteleport: 1586222266253
  logout: 1587849822233
ipAddress: 98.235.171.32
lastlocation:
  world: flattyfa
  x: 168.4431628205908
  y: 4.0
  z: 416.8988619867532
  yaw: 78.74578
  pitch: 22.350157
logoutlocation:
  world: flattyfa
  x: 188.88471080201018
  y: 15.006576670094043
  z: 58.45411740869674
  yaw: -228.97858
  pitch: -14.549198
