lastAccountName: Lil_Shua
timestamps:
  login: 1586222673524
  logout: 1586222764910
  lastteleport: 1586222690134
ipAddress: 73.41.56.97
lastlocation:
  world: flattyfa
  x: 86.39372603811037
  y: 12.0
  z: -94.3553669790771
  yaw: 0.5640102
  pitch: 2.386514
logoutlocation:
  world: flattyfa
  x: 114.11268568610852
  y: 12.0
  z: -150.84119675695857
  yaw: 295.44507
  pitch: 30.942701
