lastAccountName: Finbojenkins
timestamps:
  login: 1586236178543
  logout: 1586236854057
ipAddress: 71.207.12.174
lastlocation:
  world: world
  x: -80.0
  y: 66.0
  z: 48.0
  yaw: 0.0
  pitch: 0.0
logoutlocation:
  world: flattyfa
  x: 161.82507426694204
  y: 4.0
  z: 85.9170436844125
  yaw: 21.900627
  pitch: 1.2500287
