lastAccountName: Lavantan
timestamps:
  login: 1586292623136
  lastteleport: 1586292938056
  logout: 1586292964156
ipAddress: 75.75.189.37
lastlocation:
  world: flattyfa
  x: 4.8276385929133925
  y: 44.0
  z: 106.26198932121068
  yaw: 275.63428
  pitch: 3.360119
logoutlocation:
  world: flattyfa
  x: 74.36956084700766
  y: 6.4938962371911675
  z: 109.17716509808186
  yaw: 232.11209
  pitch: 13.491844
