lastAccountName: TH0T_ERADlCAT0R
timestamps:
  login: 1586265916475
  logout: 1586267406008
ipAddress: 73.175.151.72
lastlocation:
  world: world
  x: -80.0
  y: 66.0
  z: 48.0
  yaw: 0.0
  pitch: 0.0
logoutlocation:
  world: flattyfa
  x: 88.68883404114163
  y: 7.0
  z: 6.31310124471441
  yaw: 214.19621
  pitch: 16.199335
