lastAccountName: MonsieurLapin
timestamps:
  login: 1586204140083
  logout: 1586204355056
ipAddress: 71.207.9.210
lastlocation:
  world: world
  x: -80.0
  y: 66.0
  z: 48.0
  yaw: 0.0
  pitch: 0.0
logoutlocation:
  world: flattyfa
  x: -24.185020413717396
  y: 6.5
  z: -151.8395483454422
  yaw: -231.7472
  pitch: 30.749903
