lastAccountName: TheEuropeanUnion
timestamps:
  login: 1586310886167
  lastteleport: 1586227380034
  logout: 1586310914969
ipAddress: 71.58.211.51
lastlocation:
  world: flattyfa
  x: 99.23358478738436
  y: 12.0
  z: -91.8168274448204
  yaw: 37.94768
  pitch: 21.600197
logoutlocation:
  world: flattyfa
  x: -284.8612668787778
  y: 34.621870202064024
  z: -41.76152415542822
  yaw: 130.94751
  pitch: 47.100094
