lastAccountName: tigercup9
timestamps:
  login: 1587775696794
  lastteleport: 1587775747210
  logout: 1587262700879
ipAddress: 73.175.151.219
lastlocation:
  world: island
  x: 40.48677382748205
  y: 72.71735926351964
  z: -219.41243611067154
  yaw: 26.295143
  pitch: -7.2000546
nickname: ยง8underclassmen_papi
logoutlocation:
  world: island
  x: 26.80352568713625
  y: 83.41894874966243
  z: -187.32908979919432
  yaw: 41.447693
  pitch: 8.999977
