lastAccountName: kayleer28
timestamps:
  login: 1588001058805
  logout: 1588001382040
  lastteleport: 1586478231435
ipAddress: 73.79.232.201
lastlocation:
  world: flattyfa
  x: -240.54342475420793
  y: 6.985362513228563
  z: -99.48670804036215
  yaw: -126.429474
  pitch: 13.6277895
logoutlocation:
  world: flattyfa
  x: 19.022707866175992
  y: 13.420554331554397
  z: -65.20928750340983
  yaw: 182.51363
  pitch: -0.6264626
