lastAccountName: CrawMarX
timestamps:
  login: 1586226956473
  lastteleport: 1586228378053
  logout: 1586228668761
ipAddress: 71.207.8.209
lastlocation:
  world: flattyfa
  x: 17.5
  y: 62.0
  z: -269.5
  yaw: -84.90335
  pitch: 0.75013846
logoutlocation:
  world: flattyfa
  x: 101.01247757560743
  y: 10.373802297283616
  z: 52.780991943664965
  yaw: -79.68343
  pitch: 16.500416
