lastAccountName: girlyhope335
timestamps:
  login: 1586205754228
  logout: 1586206614408
ipAddress: 73.230.116.239
lastlocation:
  world: world
  x: -80.0
  y: 66.0
  z: 48.0
  yaw: 0.0
  pitch: 0.0
logoutlocation:
  world: flattyfa
  x: 82.05638992158141
  y: 6.6178216456567425
  z: 108.9349127167882
  yaw: -185.72656
  pitch: -13.77253
