lastAccountName: caroleech
timestamps:
  login: 1586484185209
  logout: 1586485263620
ipAddress: 73.123.203.245
lastlocation:
  world: flattyfa
  x: 34.37390559898086
  y: 8.966368041641235
  z: -84.0257145454573
  yaw: 189.63495
  pitch: 37.962025
logoutlocation:
  world: flattyfa
  x: 189.74935796303262
  y: 15.143459758672636
  z: 90.74082726345726
  yaw: 272.719
  pitch: 36.30174
