lastAccountName: FlatCrop
timestamps:
  login: 1586211074213
  logout: 1586212926260
ipAddress: 71.207.12.246
lastlocation:
  world: world
  x: -80.0
  y: 66.0
  z: 48.0
  yaw: 0.0
  pitch: 0.0
logoutlocation:
  world: flattyfa
  x: 74.88333654369868
  y: 12.0
  z: -136.70433542773142
  yaw: 147.39453
  pitch: -90.0
