lastAccountName: MaracinoCherry
timestamps:
  login: 1586224300867
  logout: 1586225223811
ipAddress: 73.52.108.45
lastlocation:
  world: world
  x: -80.0
  y: 66.0
  z: 48.0
  yaw: 0.0
  pitch: 0.0
logoutlocation:
  world: flattyfa
  x: 22.94999998807907
  y: 4.0
  z: 15.74729198669491
  yaw: -128.32086
  pitch: 42.600132
