lastAccountName: TylerJGully
timestamps:
  login: 1586211819268
  lastteleport: 1586212760912
  logout: 1586212928859
ipAddress: 174.59.221.184
lastlocation:
  world: flattyfa
  x: 20.622267178414106
  y: 4.0
  z: -651.6242677115724
  yaw: 2.9980469
  pitch: 41.400124
logoutlocation:
  world: flattyfa
  x: 66.06260994853608
  y: 12.0
  z: -133.619186468221
  yaw: -105.59766
  pitch: -2.0997753
