lastAccountName: PoeticCupid
timestamps:
  login: 1586220891122
  logout: 1586221037712
ipAddress: 73.187.175.82
lastlocation:
  world: world
  x: -80.0
  y: 66.0
  z: 48.0
  yaw: 0.0
  pitch: 0.0
logoutlocation:
  world: flattyfa
  x: -48.277931321389794
  y: 4.0
  z: -41.864154218775596
  yaw: 288.14648
  pitch: 1.0500745
