lastAccountName: abomboo
timestamps:
  login: 1586226574750
  logout: 1586226649859
  lastteleport: 1586215691410
ipAddress: 73.130.226.126
lastlocation:
  world: flattyfa
  x: 4.750734709327427
  y: 44.0
  z: 105.69085997935031
  yaw: 78.072815
  pitch: 7.7259455
logoutlocation:
  world: flattyfa
  x: 281.7219753424499
  y: 30.99154663989712
  z: 113.0605757760904
  yaw: -243.9113
  pitch: 46.3105
