lastAccountName: DankDurple
timestamps:
  login: 1586266748180
  logout: 1586267056404
ipAddress: 68.232.113.217
lastlocation:
  world: world
  x: -80.0
  y: 66.0
  z: 48.0
  yaw: 0.0
  pitch: 0.0
logoutlocation:
  world: flattyfa
  x: 158.19195878379747
  y: 15.62178671852353
  z: 109.30227296932213
  yaw: 159.44934
  pitch: 32.850395
