lastAccountName: LutzDoIt
timestamps:
  login: 1587942391426
  logout: 1587944455695
ipAddress: 71.58.214.80
lastlocation:
  world: world
  x: -80.0
  y: 66.0
  z: 48.0
  yaw: 0.0
  pitch: 0.0
logoutlocation:
  world: flattyfa
  x: 71.64342530870569
  y: 4.0
  z: 111.70634843085776
  yaw: -180.91354
  pitch: -4.018281
