lastAccountName: seanpr10
timestamps:
  login: 1586298830309
  logout: 1586298961668
ipAddress: 174.59.220.28
lastlocation:
  world: spawn2
  x: -264.1816465415317
  y: 67.0
  z: 761.2700990504934
  yaw: 70.20031
  pitch: 20.70004
logoutlocation:
  world: survival2
  x: 379.51249998807907
  y: 64.0
  z: 388.69999998807907
  yaw: -118.11504
  pitch: 34.800007
