lastAccountName: sweetbabycornz
timestamps:
  login: 1586213796217
  logout: 1586215941315
ipAddress: 71.58.64.247
lastlocation:
  world: world
  x: -80.0
  y: 66.0
  z: 48.0
  yaw: 0.0
  pitch: 0.0
logoutlocation:
  world: flattyfa
  x: 25.11734165769529
  y: 73.22616643375007
  z: 107.03894318257449
  yaw: 173.11267
  pitch: 18.598528
