lastAccountName: eNi0N
timestamps:
  login: 1586216652780
  logout: 1586216911259
ipAddress: 71.58.212.156
lastlocation:
  world: world
  x: -80.0
  y: 66.0
  z: 48.0
  yaw: 0.0
  pitch: 0.0
logoutlocation:
  world: flattyfa
  x: -40.72445637274588
  y: 28.86794028071969
  z: -25.025634774456318
  yaw: 358.64453
  pitch: 18.45002
