lastAccountName: Ccable
timestamps:
  login: 1588733767480
  logout: 1588734396440
  lastteleport: 1588734317717
  mute: 0
  kits:
    color: 1586218610141
ipAddress: 73.52.25.202
lastlocation:
  world: flattyfa
  x: 71.64342530870569
  y: 4.0
  z: 111.70634843085776
  yaw: -173.41357
  pitch: 27.781723
logoutlocation:
  world: island2
  x: 135.2857895626031
  y: 248.32956560823413
  z: -95.30000001192093
  yaw: -206.35515
  pitch: 56.10001
afk: false
muted: false
nickname: §eCable
