lastAccountName: Rainbowfrog117
timestamps:
  login: 1586307788875
  lastteleport: 1586226356312
  logout: 1586308549368
ipAddress: 73.230.83.200
lastlocation:
  world: flattyfa
  x: 20.04590581358082
  y: 4.0
  z: -653.2768495903408
  yaw: 348.44928
  pitch: 25.500154
logoutlocation:
  world: flattyfa
  x: 117.5312762635814
  y: 4.0
  z: 72.7045922617644
  yaw: 250.59534
  pitch: 26.699978
