lastAccountName: ShadiEnigmar
timestamps:
  login: 1586221706036
  lastteleport: 1586221772556
  logout: 1586222152966
ipAddress: 73.101.57.121
lastlocation:
  world: flattyfa
  x: 68.34644455492452
  y: 4.0
  z: 110.27054221031415
  yaw: 183.87749
  pitch: 2.1146913
logoutlocation:
  world: flattyfa
  x: -53.57496609085972
  y: 8.0
  z: -26.381160600547293
  yaw: -67.07861
  pitch: 8.709542
