lastAccountName: michaelw6v2
timestamps:
  login: 1588001058805
  logout: 1588001409937
ipAddress: 75.75.184.64
lastlocation:
  world: world
  x: -80.0
  y: 66.0
  z: 48.0
  yaw: 0.0
  pitch: 0.0
logoutlocation:
  world: flattyfa
  x: 116.51531473323212
  y: 12.0
  z: -19.190662088263355
  yaw: 84.1543
  pitch: 24.899988
