lastAccountName: Ginger_snaps61
timestamps:
  login: 1586215893727
  lastteleport: 1586216173691
  logout: 1586216266621
ipAddress: 73.187.131.43
lastlocation:
  world: flattyfa
  x: 17.5
  y: 62.0
  z: -269.5
  yaw: -85.34516
  pitch: 2.8176043
logoutlocation:
  world: flattyfa
  x: 155.6938182788018
  y: 5.664818663140189
  z: 80.4004081376933
  yaw: -161.67743
  pitch: 23.106352
