lastAccountName: drumninja10
timestamps:
  login: 1586218154642
  lastteleport: 1586218386052
  logout: 1586218405159
ipAddress: 174.59.223.51
lastlocation:
  world: flattyfa
  x: -235.41738711881382
  y: 3.0
  z: -75.30000001192093
  yaw: 25.646452
  pitch: 5.850065
logoutlocation:
  world: flattyfa
  x: 70.10003379950342
  y: 56.416189071530326
  z: 21.24569098955969
  yaw: 196.79675
  pitch: -25.649933
