lastAccountName: Schram_Wow
timestamps:
  login: 1586317299979
  lastteleport: 1586317417516
  logout: 1586317773033
ipAddress: 71.207.12.39
lastlocation:
  world: flattyfa
  x: 72.31043105033913
  y: 20.377024956764714
  z: -81.74823365283363
  yaw: 106.673584
  pitch: 11.9711685
logoutlocation:
  world: flattyfa
  x: 21.67742203035561
  y: 12.0
  z: -91.58724132500915
  yaw: 1.4587402
  pitch: 14.42887
