lastAccountName: Mario18ab
timestamps:
  login: 1586308486775
  logout: 1586310911571
ipAddress: 71.207.8.17
lastlocation:
  world: world
  x: -80.0
  y: 66.0
  z: 48.0
  yaw: 0.0
  pitch: 0.0
logoutlocation:
  world: flattyfa
  x: -36.30000001192093
  y: 8.0
  z: -104.30000001192093
  yaw: 60.61853
  pitch: 21.600033
