lastAccountName: nittanykids
timestamps:
  login: 1586305526649
  logout: 1586306093714
  lastteleport: 1586305981771
ipAddress: 71.58.108.202
lastlocation:
  world: flattyfa
  x: 17.694205801852775
  y: 62.0
  z: -269.57706015875203
  yaw: 279.216
  pitch: -5.249893
logoutlocation:
  world: flattyfa
  x: 132.96013005615546
  y: 2.700226813636702
  z: 66.05459463035473
  yaw: -103.65236
  pitch: 4.350143
