lastAccountName: LTLtimmy
timestamps:
  login: 1587686059888
  lastteleport: 1587686418437
  logout: 1587686474213
ipAddress: 174.55.237.5
lastlocation:
  world: flattyfa
  x: 168.1763230449835
  y: 4.0
  z: 419.1119173231071
  yaw: 101.69713
  pitch: -0.44992238
logoutlocation:
  world: flattyfa
  x: -29.532319640161898
  y: 8.0
  z: -32.30000001192093
  yaw: 9.59496
  pitch: 29.100084
