lastAccountName: GhastBuster13425
timestamps:
  login: 1587428707648
  lastteleport: 1587420576712
  logout: 1587429110799
  jail: 0
ipAddress: 73.230.75.252
lastlocation:
  world: island
  x: 128.1771445104652
  y: 99.66502284346113
  z: -198.06901657528053
  yaw: -347.09033
  pitch: 22.769276
logoutlocation:
  world: island
  x: -136.0108623178235
  y: 81.8841373357824
  z: -161.35309992025802
  yaw: 304.47974
  pitch: -23.463625
jailed: false
afk: false
nickname: ยง4HUGE_papi
