lastAccountName: CaptainMenchure
timestamps:
  login: 1586293986470
  logout: 1586294747354
ipAddress: 75.75.189.37
lastlocation:
  world: world
  x: -80.0
  y: 66.0
  z: 48.0
  yaw: 0.0
  pitch: 0.0
logoutlocation:
  world: flattyfa
  x: -80.30371084793691
  y: 9.200000047683716
  z: -25.30000001192093
  yaw: 1.7709961
  pitch: 7.4434643
