lastAccountName: MesserschmittME
timestamps:
  login: 1586298644184
  lastteleport: 1586299588869
  logout: 1586299681521
ipAddress: 73.175.45.38
lastlocation:
  world: flattyfa
  x: 167.09947718657344
  y: 4.0
  z: 412.95015349967616
  yaw: -192.30084
  pitch: 1.8001301
logoutlocation:
  world: flattyfa
  x: -31.338966711912605
  y: 13.50770602247895
  z: -164.9371560765994
  yaw: 16.341583
  pitch: 31.79921
