lastAccountName: YUNGLACH
timestamps:
  login: 1588150970327
  lastteleport: 1588017359718
  logout: 1588151469263
ipAddress: 73.64.231.147
lastlocation:
  world: flattyfa
  x: 16.989833698325914
  y: 62.0
  z: -269.5883395841055
  yaw: -82.37268
  pitch: 4.981979
logoutlocation:
  world: flattyfa
  x: 50.37162044876282
  y: 37.11340624535625
  z: 119.9452710835824
  yaw: -194.40215
  pitch: 16.081402
