lastAccountName: pettyorange
timestamps:
  login: 1587263317910
  lastteleport: 1587265329100
  logout: 1587266480327
ipAddress: 24.151.140.93
lastlocation:
  world: flattyfa
  x: 90.86412988060118
  y: 17.0
  z: -108.68902847537345
  yaw: -49.65153
  pitch: 7.5001926
logoutlocation:
  world: flattyfa
  x: -254.62956635762714
  y: 110.25085675986047
  z: 36.03642149082167
  yaw: -318.75287
  pitch: 59.85007
