lastAccountName: SunDewSeaJelly
timestamps:
  login: 1588042342157
  logout: 1588042908642
ipAddress: 71.58.214.216
lastlocation:
  world: world
  x: -80.0
  y: 66.0
  z: 48.0
  yaw: 0.0
  pitch: 0.0
logoutlocation:
  world: flattyfa
  x: 34.05139543839024
  y: 12.0
  z: -134.93715402610002
  yaw: 216.41101
  pitch: 16.531786
