lastAccountName: thundercreeper54
timestamps:
  login: 1587864997714
  lastteleport: 1586310494512
  logout: 1587865316835
ipAddress: 71.58.212.176
lastlocation:
  world: flattyfa
  x: -73.0162022680452
  y: 4.0
  z: -54.33261478786669
  yaw: -85.882484
  pitch: -0.44995636
logoutlocation:
  world: flattyfa
  x: -48.67803270233064
  y: 8.0
  z: -87.26027942351557
  yaw: 281.81018
  pitch: 28.049795
