lastAccountName: uraniad
timestamps:
  login: 1586220725366
  logout: 1586221526512
ipAddress: 174.55.55.139
lastlocation:
  world: world
  x: -80.0
  y: 66.0
  z: 48.0
  yaw: 0.0
  pitch: 0.0
logoutlocation:
  world: flattyfa
  x: -65.47934926753358
  y: 4.0
  z: 19.313189112243002
  yaw: 207.10498
  pitch: -42.74994
