lastAccountName: KryptoKrafter
timestamps:
  login: 1586205700429
  logout: 1586206624060
ipAddress: 73.187.204.72
lastlocation:
  world: world
  x: -80.0
  y: 66.0
  z: 48.0
  yaw: 0.0
  pitch: 0.0
logoutlocation:
  world: flattyfa
  x: -30.871052286340394
  y: 8.0
  z: 22.543883490635924
  yaw: 267.89038
  pitch: 4.5344234E-5
