lastAccountName: jleous
timestamps:
  login: 1586478361444
  logout: 1586479261120
  lastteleport: 1586479114064
ipAddress: 73.230.121.204
lastlocation:
  world: flattyfa
  x: 22.102043518318553
  y: 12.0
  z: -182.57265272006777
  yaw: 354.46198
  pitch: 15.29984
logoutlocation:
  world: flattyfa
  x: 24.699857332797514
  y: 38.74326975089305
  z: 114.46703812525533
  yaw: -181.6521
  pitch: -9.899871
