lastAccountName: TheGobbster
timestamps:
  login: 1586298347095
  logout: 1586298668621
ipAddress: 71.58.99.87
lastlocation:
  world: world
  x: -80.0
  y: 66.0
  z: 48.0
  yaw: 0.0
  pitch: 0.0
logoutlocation:
  world: flattyfa
  x: 20.240381005474404
  y: 8.0
  z: -48.396945007582566
  yaw: 147.77151
  pitch: 5.2077208
