spawns: 
  default: 
    world: flattyfa
    x: 71.64342530870569
    y: 4.0
    z: 111.70634843085776
    yaw: -177.76357
    pitch: -4.46828
