spawns: 
  default: 
    world: fresh
    x: 810.2749814766784
    y: 67.0
    z: -65.76926426738278
    yaw: 77.785645
    pitch: 33.000004
