timestamps:
  login: 1518136154754
  lastteleport: 1518140208658
  logout: 1518140396342
ipAddress: 98.235.77.23
lastlocation:
  world: fresh
  x: 806.0474789544696
  y: 40.0
  z: -86.53258925125385
  yaw: 285.88663
  pitch: -9.430398
money: 0.0
afk: false
