timestamps:
  login: 1562204928568
  lastteleport: 1542684084416
  logout: 1562205296256
ipAddress: 98.235.180.48
lastlocation:
  world: fresh
  x: 806.3147514706516
  y: 65.0
  z: -70.60890741909509
  yaw: 178.281
  pitch: 41.700027
