timestamps:
  login: 1445226003505
  lastteleport: 1445225799160
  logout: 1445225993564
ipAddress: 71.162.62.157
lastlocation:
  world: world
  x: -91.4657023723715
  y: 21.33684429788441
  z: -206.99377524266302
  yaw: -338.2406
  pitch: 15.450023
