timestamps:
  login: 1684202527019
  logout: 1684202398933
ipAddress: 98.235.181.143
lastlocation:
  world: world
  x: 725.0765618237623
  y: 65.0
  z: 1911.1645703439551
  yaw: -18.322968
  pitch: 9.8056
afk: true
