timestamps:
  login: 1482035617226
  logout: 1482035757409
  lastteleport: 1482035644277
ipAddress: 174.60.229.24
lastlocation:
  world: world5
  x: -54.69013626456854
  y: 97.0
  z: 25.349464841662055
  yaw: 12.209668
  pitch: 33.000004
money: 0.0
nickname: ThatOneSlave
homes:
  home:
    world: sd
    x: 392.49946746956726
    y: 62.0
    z: 287.5994330299973
    yaw: -207.7726
    pitch: 19.80005
afk: false
