timestamps:
  login: 1562205205021
  logout: 1562205301206
ipAddress: 73.187.204.208
lastlocation:
  world: fresh
  x: 802.9518355411657
  y: 40.0
  z: -87.73526839034328
  yaw: -190.11386
  pitch: 4.350063
money: 0.0
