timestamps:
  login: 1416950589507
  logout: 1416950613212
  lastteleport: 1416669115126
ipAddress: 192.168.2.16
lastlocation:
  world: world
  x: -538.8103518261881
  y: 67.0
  z: -399.0723197572135
  yaw: -249.76611
  pitch: 17.999983
