timestamps:
  login: 1562205132737
  logout: 1562205296256
  lastteleport: 1518140148312
ipAddress: 73.230.75.252
lastlocation:
  world: fresh
  x: 805.6342501761064
  y: 40.0
  z: -89.58491050872614
  yaw: -2.6013794
  pitch: -2.114641
money: 0.0
afk: false
