timestamps:
  login: 1445384861847
  logout: 1445210118746
  lastteleport: 1445385521050
ipAddress: 71.58.128.109
lastlocation:
  world: sd
  x: -178.00950393279382
  y: 75.0
  z: 202.10959956475645
  yaw: 25.17467
  pitch: -6.4498706
homes:
  home:
    world: world
    x: -569.1108909940141
    y: 63.0
    z: -31.699999988079085
    yaw: 95.25281
    pitch: 27.59994
