timestamps:
  login: 1445564768801
  logout: 1445565873239
  lastteleport: 1445561738903
ipAddress: 174.54.68.97
lastlocation:
  world: world
  x: -624.1153513482725
  y: 64.0
  z: -595.7190063562449
  yaw: -278.42163
  pitch: 8.850054
