world: flattyfa
x: -27.83676753676478
y: 8.0
z: -132.0377629361436
yaw: 60.59654
pitch: 4.35016
name: ArtSmart
lastowner: eca7c79d-d611-4211-b697-f0d8b1df866c
