world: flattyfa
x: 86.35357633606344
y: 12.0
z: -94.45865131475156
yaw: -91.875
pitch: 4.6503267
name: AuxGym
lastowner: eca7c79d-d611-4211-b697-f0d8b1df866c
