world: flattyfa
x: 86.74093478756899
y: 12.0
z: -94.61261765484713
yaw: -93.90232
pitch: 10.050172
name: AuxGymPark
lastowner: eca7c79d-d611-4211-b697-f0d8b1df866c
