world: flattyfa
x: 22.58032671662871
y: 12.0
z: -184.9912951287041
yaw: -348.30276
pitch: 5.550229
name: BackMainEntry
lastowner: eca7c79d-d611-4211-b697-f0d8b1df866c
