world: flattyfa
x: 17.15261090931486
y: 62.0
z: -269.60009638512884
yaw: 0.29666138
pitch: 6.75014
name: BackBooth
lastowner: 35f59b2e-9242-4626-a4db-5c855b919af6
