world: flattyfa
x: -27.344370025766256
y: 8.0
z: -93.35419624621741
yaw: 61.04627
pitch: 5.250151
name: Cafeteria
lastowner: eca7c79d-d611-4211-b697-f0d8b1df866c
