world: flattyfa
x: 90.32868016981058
y: 17.0
z: -108.52579216925581
yaw: -160.80215
pitch: 11.700166
name: FitnessCenter
lastowner: eca7c79d-d611-4211-b697-f0d8b1df866c
