world: flattyfa
x: 7.314392417326351
y: 4.0
z: 55.21946568852242
yaw: 200.54631
pitch: -10.499875
name: Frontofschool
lastowner: eca7c79d-d611-4211-b697-f0d8b1df866c
