world: flattyfa
x: 4.5289454535315326
y: 44.0
z: 107.16744208883327
yaw: 184.79762
pitch: 2.250132
name: FrontBooth
lastowner: 35f59b2e-9242-4626-a4db-5c855b919af6
