world: flattyfa
x: -0.5785765795994706
y: 8.0
z: -90.47385107153549
yaw: 213.14621
pitch: -2.9998503
name: Hub
lastowner: eca7c79d-d611-4211-b697-f0d8b1df866c
