world: island
x: -85.41732210248637
y: 64.0
z: -72.60983055561928
yaw: 154.15234
pitch: 27.921736
name: island
lastowner: 35f59b2e-9242-4626-a4db-5c855b919af6
