world: flattyfa
x: -107.07521717806004
y: 8.0
z: -59.40946165108832
yaw: -91.28272
pitch: -9.899955
name: JanitorsCloset
lastowner: eca7c79d-d611-4211-b697-f0d8b1df866c
