world: julia
x: -186.98989516457885
y: 69.0
z: -183.67258734423658
yaw: 274.26443
pitch: 3.0530312
name: julia
lastowner: 35f59b2e-9242-4626-a4db-5c855b919af6
