world: flattyfa
x: 22.496783525913436
y: 13.0625
z: -1.9392004671634961
yaw: -231.0039
pitch: 7.6502357
name: LGI
lastowner: eca7c79d-d611-4211-b697-f0d8b1df866c
