world: flattyfa
x: 29.503148901833804
y: 8.0
z: -26.921014771555875
yaw: 218.24626
pitch: -4.9497647
name: Library
lastowner: eca7c79d-d611-4211-b697-f0d8b1df866c
