world: flattyfa
x: 131.11898051390122
y: 8.0
z: -58.91195861861649
yaw: -282.90335
pitch: 0.30023873
name: LoadingDockEntry
lastowner: eca7c79d-d611-4211-b697-f0d8b1df866c
