world: flattyfa
x: 38.21570148976549
y: 12.0
z: -131.55440816044816
yaw: -98.10239
pitch: 2.4001708
name: MainGym
lastowner: eca7c79d-d611-4211-b697-f0d8b1df866c
