world: flattyfa
x: -47.17521314145988
y: 8.0
z: -172.52128437875876
yaw: 147.89699
pitch: 5.5501924
name: MusicWing
lastowner: eca7c79d-d611-4211-b697-f0d8b1df866c
