world: flattyfa
x: 220.39018997484877
y: 4.0
z: 133.45746315980722
yaw: 282.74673
pitch: -0.14987999
name: Neighborhood
lastowner: eca7c79d-d611-4211-b697-f0d8b1df866c
