world: flattyfa
x: -52.0323524215657
y: 3.0
z: 203.7107892865716
yaw: 206.54816
pitch: 15.300114
name: NorthLot
lastowner: eca7c79d-d611-4211-b697-f0d8b1df866c
