world: flattyfa
x: -32.699999988079064
y: 8.0
z: -144.26054119785553
yaw: -119.103516
pitch: 2.100104
name: PerformanceHall
lastowner: eca7c79d-d611-4211-b697-f0d8b1df866c
