world: flattyfa
x: -41.94678806830445
y: 8.0
z: -170.1844649920535
yaw: 90.44668
pitch: 3.7501154
name: PHallParkour
lastowner: eca7c79d-d611-4211-b697-f0d8b1df866c
