world: flattyfa
x: 20.375686435592357
y: 4.0
z: -655.5633853567964
yaw: 358.34808
pitch: -5.849859
name: Reward2
lastowner: eca7c79d-d611-4211-b697-f0d8b1df866c
