world: flattyfa
x: -73.27456302469811
y: 4.0
z: -54.86829925535581
yaw: -98.182495
pitch: 13.950017
name: Reward
lastowner: eca7c79d-d611-4211-b697-f0d8b1df866c
