world: skyyblock
x: -2.102622492110279
y: 66.0
z: -0.5565986166944332
yaw: 253.50159
pitch: 37.050186
name: skyblock
lastowner: 35f59b2e-9242-4626-a4db-5c855b919af6
