world: flattyfa
x: -110.74633078697373
y: 8.0
z: -64.62203898205338
yaw: -1.1321106
pitch: -19.800032
name: South
lastowner: eca7c79d-d611-4211-b697-f0d8b1df866c
