world: flattyfa
x: -110.76406386638067
y: 8.0
z: -63.903185692250005
yaw: 1.267334
pitch: 5.85005
name: SouthAud
lastowner: eca7c79d-d611-4211-b697-f0d8b1df866c
