world: flattyfa
x: 71.63786951063045
y: 4.0
z: 109.8502187151573
yaw: 182.24698
pitch: 8.250137
name: spawn
lastowner: 35f59b2e-9242-4626-a4db-5c855b919af6
