world: flattyfa
x: 173.45736289711311
y: 4.0
z: 416.1074006797945
yaw: 185.09692
pitch: 45.600147
name: Warps
lastowner: 35f59b2e-9242-4626-a4db-5c855b919af6
