world: flattyfa
x: -259.9968616855382
y: 3.0
z: 7.261417954144979
yaw: 154.1974
pitch: -6.7498384
name: WeisPlaza
lastowner: eca7c79d-d611-4211-b697-f0d8b1df866c
