world: flattyfa
x: 121.19960353962975
y: 4.0
z: 85.57052492622518
yaw: -90.68265
pitch: -4.9500065
name: WelchParkour
lastowner: eca7c79d-d611-4211-b697-f0d8b1df866c
